Qubit	q0	q1	q2	q3	q4	q5	q6	q7	q8	q9	q10	q11	q12	q13	q14	q15	q16	q17	q18	q19	q20	q21	q22	q23	
q0	-5	 	 	 	 	 	10	 	 	 	 	 	 	1	4	1	2	5	
q1	 	-5	 	 	 	 	 	10	 	 	 	 	1	 	1	2	1	2	
q2	 	 	-5	 	 	 	 	 	10	 	 	 	4	1	 	5	2	1	
q3	 	 	 	-5	 	 	 	 	 	10	 	 	1	2	5	 	1	4	
q4	 	 	 	 	-5	 	 	 	 	 	10	 	2	1	2	1	 	1	
q5	 	 	 	 	 	-5	 	 	 	 	 	10	5	2	1	4	1	
q6	 	 	 	 	 	 	-5	 	 	 	 	 	 	 	 	 	 	 	 	1	4	1	2	5	
q7	 	 	 	 	 	 	 	-5	 	 	 	 	 	 	 	 	 	 	1	 	1	2	1	2	
q8	 	 	 	 	 	 	 	 	-5	 	 	 	 	 	 	 	 	 	4	1	 	5	2	1	
q9	 	 	 	 	 	 	 	 	 	-5	 	 	 	 	 	 	 	 	1	2	5	 	1	4	
q10	 	 	 	 	 	 	 	 	 	 	-5	 	 	 	 	 	 	 	2	1	2	1	 	1	
q11	 	 	 	 	 	 	 	 	 	 	 	-5	 	 	 	 	 	 	5	2	1	4	1	
q12	 	 	 	 	 	 	 	 	 	 	 	 	-5	10	10	10	10	10	
q13	 	 	 	 	 	 	 	 	 	 	 	 	 	-5	10	10	10	10	
q14	 	 	 	 	 	 	 	 	 	 	 	 	 	 	-5	10	10	10	
q15	 	 	 	 	 	 	 	 	 	 	 	 	 	 	 	-5	10	10	
q16	 	 	 	 	 	 	 	 	 	 	 	 	 	 	 	 	-5	10	
q17	 	 	 	 	 	 	 	 	 	 	 	 	 	 	 	 	 	-5	
q18	 	 	 	 	 	 	 	 	 	 	 	 	 	 	 	 	 	 	-5	10	10	10	10	10	
q19	 	 	 	 	 	 	 	 	 	 	 	 	 	 	 	 	 	 	 	-5	10	10	10	10	
q20	 	 	 	 	 	 	 	 	 	 	 	 	 	 	 	 	 	 	 	 	-5	10	10	10	
q21	 	 	 	 	 	 	 	 	 	 	 	 	 	 	 	 	 	 	 	 	 	-5	10	10	
q22	 	 	 	 	 	 	 	 	 	 	 	 	 	 	 	 	 	 	 	 	 	 	-5	10	
q23	 	 	 	 	 	 	 	 	 	 	 	 	 	 	 	 	 	 	 	 	 	 	 	-5	
